col1,col2,col3,col4,col5,col6,col7,col8,col9,col10
Andhra Pradesh,7.6,36.4,20.6,6.9,30.0,18.8,7.4,34.2,20.1
Arunachal Pradesh,12.3,17.5,14.9,8.3,20.0,14.2,11.6,17.9,14.7
Assam,10.4,40.0,25.3,11.4,25.1,18.2,10.5,38.6,24.6
Bihar,11.2,48.7,28.6,11.2,39.1,23.6,11.2,47.7,28.1
Chhattisgarh,11.1,33.0,21.9,12.6,25.3,18.9,11.4,31.7,21.4
Delhi,10.4,39.6,23.0,3.4,23.2,11.4,3.6,23.8,11.8
Goa,22.2,35.1,28.3,13.1,28.1,18.8,16.2,31.2,22.4
Gujarat,8.6,40.3,23.7,9.5,35.7,21.6,8.9,38.6,22.9
Haryana,10.6,37.7,22.5,17.5,28.7,22.4,13.3,34.2,22.4
Himachal Pradesh,6.9,11.8,9.2,11.2,25.2,17.0,7.4,13.1,10.1
Jharkhand,14.2,43.0,28.4,12.2,30.8,21.3,13.8,40.5,27.0
Karnataka,3.2,31.8,16.4,3.1,24.0,13.2,3.2,28.9,15.3
Kerala,12.6,26.6,19.7,9.3,21.8,15.2,11.1,24.5,17.7
Madhya Pradesh,9.2,41.3,24.8,8.1,35.2,20.6,8.9,39.9,23.8
Maharashtra,4.4,25.1,14.0,6.0,24.8,14.0,5.1,25.0,14.0
Manipur,10.6,15.7,13.0,7.7,16.9,12.3,9.8,16.0,12.8
Meghalaya,5.8,19.7,12.9,6.0,10.4,8.3,5.8,18.0,12.1
Mizoram,1.2,6.5,3.9,4.2,7.7,6.0,2.7,7.1,4.9
Nagaland,7.6,5.5,6.5,10.7,7.1,8.9,8.8,6.2,7.5
Odisha,20.2,46.9,33.5,14.6,38.6,27.2,19.3,45.6,32.5
Punjab,16.2,42.0,27.4,8.5,39.3,21.7,13.1,40.9,25.1
Rajasthan,7.6,30.9,18.9,9.3,35.3,21.3,8.1,32.0,19.5
Sikkim,4.8,20.1,12.6,1.1,6.1,3.5,3.9,17.0,10.5
Tamil Nadu,8.1,27.4,17.4,6.1,21.1,13.2,7.2,24.6,15.5
Telangana,6.1,25.6,16.0,7.7,25.4,16.4,6.9,25.5,16.1
Tripura,5.7,45.8,26.2,5.5,36.5,21.8,5.7,43.9,25.4
Uttar Pradesh,13.0,53.1,32.3,13.0,46.7,28.6,13.0,51.9,31.6
Uttarakhand,12.8,41.5,26.3,7.2,38.2,20.6,11.4,40.7,24.9
West Bengal,11.4,46.1,28.7,7.9,31.0,19.3,10.5,42.3,26.3
A & N Islands,9.2,31.9,19.4,4.5,33.7,19.6,7.5,32.6,19.5
Chandigarh,1.9,30.4,14.3,0.0,32.8,16.1,0.2,32.7,16.0
Dadra & Nagar Haveli,14.9,24.8,19.4,5.0,40.9,17.0,9.2,32.1,18.1
Jammu & Kashmir,3.5,26.2,14.1,3.8,17.5,9.8,3.6,24.8,13.4
Ladakh,7.2,17.9,12.5,10.9,9.8,10.3,7.7,16.6,12.2
Lakshadweep,28.3,51.4,37.5,28.2,29.4,28.9,28.3,33.0,30.7
Puducherry,11.8,22.5,17.2,6.5,15.9,10.8,8.3,18.5,13.1
all-India,10.4,40.8,25.0,8.6,31.2,19.0,9.9,38.2,23.3
