col1,col2,col3,col4,col5,col6,col7,col8,col9,col10
Andhra Pradesh,6.0,38.7,21.4,7.0,38.8,23.2,6.3,38.8,22.0
Arunachal Pradesh,12.9,20.3,16.6,9.4,24.3,16.8,12.3,21.0,16.6
Assam,7.6,48.0,28.3,9.5,38.7,24.6,7.8,47.1,27.9
Bihar,9.4,57.5,32.2,10.6,50.5,29.2,9.5,56.7,31.9
Chhattisgarh,8.9,35.9,22.4,11.5,36.6,23.8,9.3,36.0,22.7
Delhi,7.0,48.9,24.4,2.7,31.5,14.3,2.8,32.0,14.6
Goa,14.2,47.3,29.7,7.7,41.1,20.3,9.8,43.6,23.6
Gujarat,6.7,42.9,23.8,7.8,40.9,23.3,7.1,42.1,23.6
Haryana,8.4,46.7,25.5,14.6,39.4,25.8,10.8,43.8,25.6
Himachal Pradesh,7.7,15.3,11.5,10.0,37.9,21.5,7.9,17.4,12.6
Jharkhand,11.7,47.0,29.2,10.1,42.0,25.9,11.4,45.9,28.5
Karnataka,2.8,36.2,18.7,2.7,31.9,17.3,2.8,34.6,18.2
Kerala,10.6,35.3,23.3,8.1,32.5,20.3,9.4,34.0,21.9
Madhya Pradesh,7.3,44.0,25.1,7.0,45.1,25.4,7.3,44.3,25.1
Maharashtra,3.8,30.0,16.0,5.1,34.7,18.6,4.4,32.0,17.2
Manipur,10.2,23.3,16.7,9.3,24.3,16.8,9.9,23.6,16.7
Meghalaya,4.3,22.9,13.7,5.9,16.6,11.6,4.6,21.8,13.4
Mizoram,1.1,8.6,4.9,4.2,9.3,6.7,2.5,8.9,5.8
Nagaland,4.8,7.4,6.2,11.1,10.3,10.7,7.1,8.5,7.8
Odisha,15.4,51.6,33.4,11.7,46.3,30.2,14.8,50.8,32.9
Punjab,13.1,52.0,30.6,8.0,47.3,25.5,11.0,50.1,28.5
Rajasthan,6.8,33.0,19.5,8.0,44.5,25.0,7.1,36.1,21.0
Sikkim,4.5,25.7,15.1,1.7,15.0,7.9,3.7,23.2,13.3
Tamil Nadu,6.3,33.5,19.6,4.4,27.6,15.2,5.4,30.9,17.6
Telangana,4.8,31.6,18.4,5.2,34.9,19.6,5.0,33.1,18.9
Tripura,4.9,54.0,30.6,6.5,46.9,27.7,5.2,52.6,30.1
Uttar Pradesh,10.8,60.1,34.7,10.7,55.2,31.6,10.8,59.1,34.1
Uttarakhand,11.1,50.6,29.6,5.5,46.2,24.0,9.7,49.5,28.2
West Bengal,8.3,56.1,32.4,6.4,40.7,23.7,7.8,52.2,30.2
A & N Islands,7.2,36.4,20.1,3.6,39.4,21.2,5.6,37.9,20.6
Chandigarh,1.6,38.3,18.5,1.0,40.7,22.1,1.0,40.5,21.8
Dadra & Nagar Haveli,11.3,26.9,18.3,3.5,42.1,17.3,6.7,34.3,17.8
Jammu & Kashmir,3.5,36.3,19.4,4.2,29.8,15.6,3.6,35.3,18.7
Ladakh,6.7,29.0,18.0,8.0,11.4,9.8,6.9,26.4,16.8
Lakshadweep,22.2,69.3,44.8,19.9,34.0,27.0,20.4,41.6,30.9
Puducherry,9.8,28.8,19.8,6.2,26.1,15.5,7.5,27.2,17.1
all-India,8.4,46.6,26.9,7.1,39.8,22.6,8.0,44.6,25.6
